{
  "advancedEditorSelectedIdentifier" : "ShaderGraphEditorPluginID",
  "openSceneRelativePaths" : [
    "Model.usda",
    "Empty.usda",
    "Image.usda"
  ],
  "recentIdentifiers" : {
    "0F327C60-3B95-45CD-940F-10577B0F322F" : [

    ],
    "3230031D-8452-42A1-A480-870A592AFA87" : [

    ],
    "A3E7ED19-7022-497D-B5E0-C8DBFA915733" : [

    ],
    "C6A7F375-BFE9-46E0-9EA6-1A6B150F43FD" : [

    ]
  },
  "sceneCameraHistory" : {
    "0F327C60-3B95-45CD-940F-10577B0F322F" : [
      {
        "date" : 761067747.948577,
        "title" : "Untitled",
        "transform" : [
          0.9999768,
          -4.1122966e-11,
          0.006811636,
          0,
          0.00178767,
          0.96494746,
          -0.26243752,
          0,
          -0.0065728705,
          0.26244357,
          0.96492505,
          0,
          -0.023945864,
          0.47585338,
          2.550725,
          1
        ]
      }
    ],
    "A3E7ED19-7022-497D-B5E0-C8DBFA915733" : [
      {
        "date" : 761069253.186592,
        "title" : "Untitled",
        "transform" : [
          0.99107915,
          -4.981991e-08,
          0.13327414,
          0,
          0.05089391,
          0.92421466,
          -0.37846678,
          0,
          -0.12317393,
          0.38187352,
          0.9159699,
          0,
          -0.14331037,
          0.45770124,
          0.779183,
          1
        ]
      },
      {
        "date" : 761069236.65713,
        "title" : "Untitled",
        "transform" : [
          0.99107915,
          -4.981991e-08,
          0.13327414,
          0,
          0.05089391,
          0.92421466,
          -0.37846678,
          0,
          -0.12317393,
          0.38187352,
          0.9159699,
          0,
          -1.1155223,
          1.5981692,
          8.696253,
          1
        ]
      },
      {
        "date" : 761069222.691619,
        "title" : "Untitled",
        "transform" : [
          0.99107915,
          -4.981991e-08,
          0.13327414,
          0,
          0.05089391,
          0.92421466,
          -0.37846678,
          0,
          -0.12317393,
          0.38187352,
          0.9159699,
          0,
          -1.1135035,
          1.5919101,
          8.681238,
          1
        ]
      },
      {
        "date" : 761069215.019528,
        "title" : "Untitled",
        "transform" : [
          0.99107915,
          -4.981991e-08,
          0.13327414,
          0,
          0.05089391,
          0.92421466,
          -0.37846678,
          0,
          -0.12317393,
          0.38187352,
          0.9159699,
          0,
          -1.0702425,
          1.9798906,
          8.525304,
          1
        ]
      },
      {
        "date" : 761069207.196311,
        "title" : "Untitled",
        "transform" : [
          0.99107915,
          -4.981991e-08,
          0.13327414,
          0,
          0.05089391,
          0.92421466,
          -0.37846678,
          0,
          -0.12317393,
          0.38187352,
          0.9159699,
          0,
          -3.6052325,
          6.669485,
          28.718449,
          1
        ]
      },
      {
        "date" : 761069176.457347,
        "title" : "Untitled",
        "transform" : [
          0.99107915,
          -4.981991e-08,
          0.13327414,
          0,
          0.05089391,
          0.92421466,
          -0.37846678,
          0,
          -0.12317393,
          0.38187352,
          0.9159699,
          0,
          -2.534674,
          4.6890097,
          20.190628,
          1
        ]
      },
      {
        "date" : 761069152.177811,
        "title" : "Untitled",
        "transform" : [
          0.99107915,
          -4.981991e-08,
          0.13327414,
          0,
          0.05089391,
          0.92421466,
          -0.37846678,
          0,
          -0.12317393,
          0.38187352,
          0.9159699,
          0,
          -3.096268,
          8.144807,
          18.674364,
          1
        ]
      },
      {
        "date" : 761069137.88863,
        "title" : "Untitled",
        "transform" : [
          0.991614,
          -4.981991e-08,
          0.1292353,
          0,
          0.049351584,
          0.92421466,
          -0.378671,
          0,
          -0.11944117,
          0.38187346,
          0.91646403,
          0,
          -0.24360013,
          0.65694374,
          1.5072417,
          1
        ]
      },
      {
        "date" : 761069134.618185,
        "title" : "Untitled",
        "transform" : [
          0.991614,
          -4.981991e-08,
          0.1292353,
          0,
          0.049351584,
          0.92421466,
          -0.378671,
          0,
          -0.11944117,
          0.38187346,
          0.91646403,
          0,
          -0.36617577,
          0.9875071,
          2.2656612,
          1
        ]
      },
      {
        "date" : 761069132.322578,
        "title" : "Untitled",
        "transform" : [
          0.991614,
          -4.981991e-08,
          0.1292353,
          0,
          0.049351584,
          0.92421466,
          -0.378671,
          0,
          -0.11944117,
          0.38187346,
          0.91646403,
          0,
          -0.57652134,
          1.5547694,
          3.5671446,
          1
        ]
      }
    ],
    "C6A7F375-BFE9-46E0-9EA6-1A6B150F43FD" : [
      {
        "date" : 761056502.997358,
        "title" : "Untitled",
        "transform" : [
          1,
          0,
          0,
          0,
          0,
          0.7071069,
          -0.70710677,
          0,
          0,
          0.70710677,
          0.7071069,
          0,
          -0.0041266084,
          3.2187872,
          0.4387939,
          1
        ]
      }
    ]
  },
  "sceneViewportBackgroundColors" : {

  },
  "selectedSceneRelativePath" : "Image.usda"
}