{
  "advancedEditorSelectedIdentifier" : "ProjectBrowser",
  "openSceneRelativePaths" : [
    "Model.usda",
    "Empty.usda",
    "Image.usda"
  ],
  "recentIdentifiers" : {
    "A3E7ED19-7022-497D-B5E0-C8DBFA915733" : [

    ],
    "C6A7F375-BFE9-46E0-9EA6-1A6B150F43FD" : [

    ]
  },
  "sceneCameraHistory" : {
    "0F327C60-3B95-45CD-940F-10577B0F322F" : [
      {
        "date" : 761067747.948577,
        "title" : "Untitled",
        "transform" : [
          0.9999768,
          -4.1122966e-11,
          0.006811636,
          0,
          0.00178767,
          0.96494746,
          -0.26243752,
          0,
          -0.0065728705,
          0.26244357,
          0.96492505,
          0,
          -0.023945864,
          0.47585338,
          2.550725,
          1
        ]
      }
    ],
    "A3E7ED19-7022-497D-B5E0-C8DBFA915733" : [
      {
        "date" : 761059719.376092,
        "title" : "Untitled",
        "transform" : [
          0.99161386,
          -4.9819903e-08,
          0.12923528,
          0,
          0.049351584,
          0.92421466,
          -0.378671,
          0,
          -0.11944117,
          0.38187346,
          0.91646403,
          0,
          -0.07530579,
          0.20308551,
          0.46594405,
          1
        ]
      },
      {
        "date" : 761058633.646604,
        "title" : "Untitled",
        "transform" : [
          0.9998995,
          -4.9787175e-08,
          -0.01417469,
          0,
          -0.006532063,
          0.8874884,
          -0.46078372,
          0,
          0.012579852,
          0.46083,
          0.8873992,
          0,
          -0.008045008,
          0.24335825,
          0.45247164,
          1
        ]
      },
      {
        "date" : 761058628.867679,
        "title" : "Untitled",
        "transform" : [
          0.14860286,
          -5.4944422e-08,
          0.9888969,
          0,
          0.98534983,
          0.08462224,
          -0.14806981,
          0,
          -0.08368269,
          0.99641305,
          0.012575127,
          0,
          -0.02293837,
          0.3117695,
          -0.0054492652,
          1
        ]
      },
      {
        "date" : 761058625.76518,
        "title" : "Untitled",
        "transform" : [
          0.14860283,
          6.3078667e-09,
          0.98889697,
          0,
          0.98534995,
          0.08462227,
          -0.14806981,
          0,
          -0.08368263,
          0.9964131,
          0.012575156,
          0,
          -1.0891826,
          1.1614739,
          0.09014279,
          1
        ]
      },
      {
        "date" : 761058620.075109,
        "title" : "Untitled",
        "transform" : [
          0.113702744,
          1.2269423e-09,
          0.9935148,
          0,
          0.336133,
          0.94102854,
          -0.038468726,
          0,
          -0.93492573,
          0.33832717,
          0.10699759,
          0,
          -2.0797231,
          0.14691383,
          0.18650386,
          1
        ]
      },
      {
        "date" : 761058616.155254,
        "title" : "Untitled",
        "transform" : [
          0.958071,
          1.3065946e-09,
          0.28653076,
          0,
          0.10142229,
          0.9352581,
          -0.33912504,
          0,
          -0.2679802,
          0.3539665,
          0.8960437,
          0,
          -0.6463615,
          0.1816898,
          1.9826294,
          1
        ]
      },
      {
        "date" : 761056620.855297,
        "title" : "Untitled",
        "transform" : [
          1,
          0,
          0,
          0,
          0,
          0.7071069,
          -0.7071067,
          0,
          0,
          0.7071067,
          0.7071069,
          0,
          -0.051175833,
          1.0225178,
          1.8257744,
          1
        ]
      },
      {
        "date" : 761056603.855574,
        "title" : "Untitled",
        "transform" : [
          1,
          0,
          0,
          0,
          0,
          0.7071069,
          -0.7071067,
          0,
          0,
          0.7071067,
          0.7071069,
          0,
          0,
          1.424146,
          1.4241463,
          1
        ]
      },
      {
        "date" : 761056595.84639,
        "title" : "Untitled",
        "transform" : [
          1,
          0,
          0,
          0,
          0,
          0.7071069,
          -0.7071067,
          0,
          0,
          0.7071067,
          0.7071069,
          0,
          0,
          0.20835452,
          0.20835476,
          1
        ]
      },
      {
        "date" : 761056586.755076,
        "title" : "Untitled",
        "transform" : [
          1,
          0,
          -0,
          0,
          -0,
          0.7071069,
          -0.7071067,
          0,
          0,
          0.7071067,
          0.7071069,
          0,
          0,
          0.107996345,
          0.107996464,
          1
        ]
      }
    ],
    "C6A7F375-BFE9-46E0-9EA6-1A6B150F43FD" : [
      {
        "date" : 761056502.997358,
        "title" : "Untitled",
        "transform" : [
          1,
          0,
          0,
          0,
          0,
          0.7071069,
          -0.70710677,
          0,
          0,
          0.70710677,
          0.7071069,
          0,
          -0.0041266084,
          3.2187872,
          0.4387939,
          1
        ]
      }
    ]
  },
  "sceneViewportBackgroundColors" : {

  },
  "selectedSceneRelativePath" : "Model.usda"
}