{
  "advancedEditorSelectedIdentifier" : "ProjectBrowser",
  "openSceneRelativePaths" : [
    "Model.usda",
    "Empty.usda",
    "Image.usda"
  ],
  "recentIdentifiers" : {
    "0F327C60-3B95-45CD-940F-10577B0F322F" : [

    ],
    "3230031D-8452-42A1-A480-870A592AFA87" : [

    ],
    "A3E7ED19-7022-497D-B5E0-C8DBFA915733" : [

    ],
    "C6A7F375-BFE9-46E0-9EA6-1A6B150F43FD" : [

    ]
  },
  "sceneCameraHistory" : {
    "0F327C60-3B95-45CD-940F-10577B0F322F" : [
      {
        "date" : 762087888.584138,
        "title" : "Untitled",
        "transform" : [
          0.13885215,
          4.4998374e-09,
          0.9903132,
          0,
          0.6039251,
          0.79253036,
          -0.0846765,
          0,
          -0.7848533,
          0.6098324,
          0.11004453,
          0,
          -0.60743946,
          0.43632993,
          0.25273162,
          1
        ]
      },
      {
        "date" : 762087866.133329,
        "title" : "Untitled",
        "transform" : [
          -0.16074772,
          2.4672615e-09,
          0.9869956,
          0,
          0.20623517,
          0.97792566,
          0.03358868,
          0,
          -0.9652083,
          0.20895238,
          -0.15719932,
          0,
          -0.67406976,
          0.14521155,
          0.059372038,
          1
        ]
      },
      {
        "date" : 762087858.934185,
        "title" : "Untitled",
        "transform" : [
          0.085717425,
          6.2989636e-10,
          0.9963194,
          0,
          -0.02788518,
          0.99960816,
          0.002399124,
          0,
          -0.9959291,
          -0.02798832,
          0.08568385,
          0,
          -0.6547208,
          -0.013816133,
          0.22390015,
          1
        ]
      },
      {
        "date" : 762087850.867471,
        "title" : "Untitled",
        "transform" : [
          -0.094578505,
          -8.484937e-10,
          0.9955174,
          0,
          0.21386881,
          0.976651,
          0.020318521,
          0,
          -0.9722731,
          0.21483168,
          -0.092370175,
          0,
          -0.702012,
          0.15242267,
          0.10171882,
          1
        ]
      },
      {
        "date" : 762087833.833565,
        "title" : "Untitled",
        "transform" : [
          -0.97710615,
          -1.3669919e-09,
          -0.21275228,
          0,
          -0.025446601,
          0.99282134,
          0.11686822,
          0,
          0.21122499,
          0.11960634,
          -0.9700919,
          0,
          -0.023538928,
          0.0865461,
          -0.69752574,
          1
        ]
      },
      {
        "date" : 762087824.250345,
        "title" : "Untitled",
        "transform" : [
          0.48175514,
          9.797435e-10,
          -0.8763059,
          0,
          -0.35375115,
          0.9148982,
          -0.19447716,
          0,
          0.80173075,
          0.40368447,
          0.44075692,
          0,
          0.72187144,
          0.2770695,
          0.284483,
          1
        ]
      },
      {
        "date" : 762087819.250561,
        "title" : "Untitled",
        "transform" : [
          -0.04289399,
          9.1747776e-10,
          0.9990796,
          0,
          0.4094055,
          0.9121832,
          0.017577229,
          0,
          -0.91134363,
          0.40978262,
          -0.039127115,
          0,
          -0.77128184,
          0.2822008,
          0.065448076,
          1
        ]
      },
      {
        "date" : 762087549.450063,
        "title" : "Untitled",
        "transform" : [
          -0.9989841,
          1.3617429e-09,
          -0.04506667,
          0,
          -0.01384936,
          0.9516102,
          0.30699572,
          0,
          0.042885832,
          0.307308,
          -0.95064336,
          0,
          -0.06258484,
          0.19632809,
          -0.79770595,
          1
        ]
      },
      {
        "date" : 762087523.367235,
        "title" : "Untitled",
        "transform" : [
          -0.9998999,
          1.2525964e-09,
          -0.01415331,
          0,
          -0.003976001,
          0.9597305,
          0.2808945,
          0,
          0.013583296,
          0.28092265,
          -0.9596343,
          0,
          -0.08715013,
          0.17433366,
          -0.8005054,
          1
        ]
      },
      {
        "date" : 762087517.051347,
        "title" : "Untitled",
        "transform" : [
          -0.10501053,
          1.0849862e-09,
          0.9944712,
          0,
          0.45316884,
          0.89013934,
          0.04785208,
          0,
          -0.8852179,
          0.4556884,
          -0.09347393,
          0,
          -0.9533411,
          0.34865963,
          0.09768115,
          1
        ]
      }
    ],
    "3230031D-8452-42A1-A480-870A592AFA87" : [
      {
        "date" : 761749319.923266,
        "title" : "Untitled",
        "transform" : [
          1,
          0,
          0,
          0,
          0,
          0.7071069,
          -0.70710677,
          0,
          0,
          0.70710677,
          0.7071069,
          0,
          0.014720559,
          0.53100634,
          0.50097126,
          1
        ]
      },
      {
        "date" : 761749318.43947,
        "title" : "Untitled",
        "transform" : [
          1,
          0,
          0,
          0,
          0,
          0.7071069,
          -0.70710677,
          0,
          0,
          0.70710677,
          0.7071069,
          0,
          -0.0046758056,
          0.44985765,
          0.58211994,
          1
        ]
      },
      {
        "date" : 761749316.856684,
        "title" : "Untitled",
        "transform" : [
          1,
          0,
          0,
          0,
          0,
          0.7071069,
          -0.70710677,
          0,
          0,
          0.70710677,
          0.7071069,
          0,
          -0.0046758056,
          0.5466602,
          0.6789224,
          1
        ]
      }
    ],
    "A3E7ED19-7022-497D-B5E0-C8DBFA915733" : [
      {
        "date" : 761069253.186592,
        "title" : "Untitled",
        "transform" : [
          0.99107915,
          -4.981991e-08,
          0.13327414,
          0,
          0.05089391,
          0.92421466,
          -0.37846678,
          0,
          -0.12317393,
          0.38187352,
          0.9159699,
          0,
          -0.14331037,
          0.45770124,
          0.779183,
          1
        ]
      },
      {
        "date" : 761069236.65713,
        "title" : "Untitled",
        "transform" : [
          0.99107915,
          -4.981991e-08,
          0.13327414,
          0,
          0.05089391,
          0.92421466,
          -0.37846678,
          0,
          -0.12317393,
          0.38187352,
          0.9159699,
          0,
          -1.1155223,
          1.5981692,
          8.696253,
          1
        ]
      },
      {
        "date" : 761069222.691619,
        "title" : "Untitled",
        "transform" : [
          0.99107915,
          -4.981991e-08,
          0.13327414,
          0,
          0.05089391,
          0.92421466,
          -0.37846678,
          0,
          -0.12317393,
          0.38187352,
          0.9159699,
          0,
          -1.1135035,
          1.5919101,
          8.681238,
          1
        ]
      },
      {
        "date" : 761069215.019528,
        "title" : "Untitled",
        "transform" : [
          0.99107915,
          -4.981991e-08,
          0.13327414,
          0,
          0.05089391,
          0.92421466,
          -0.37846678,
          0,
          -0.12317393,
          0.38187352,
          0.9159699,
          0,
          -1.0702425,
          1.9798906,
          8.525304,
          1
        ]
      },
      {
        "date" : 761069207.196311,
        "title" : "Untitled",
        "transform" : [
          0.99107915,
          -4.981991e-08,
          0.13327414,
          0,
          0.05089391,
          0.92421466,
          -0.37846678,
          0,
          -0.12317393,
          0.38187352,
          0.9159699,
          0,
          -3.6052325,
          6.669485,
          28.718449,
          1
        ]
      },
      {
        "date" : 761069176.457347,
        "title" : "Untitled",
        "transform" : [
          0.99107915,
          -4.981991e-08,
          0.13327414,
          0,
          0.05089391,
          0.92421466,
          -0.37846678,
          0,
          -0.12317393,
          0.38187352,
          0.9159699,
          0,
          -2.534674,
          4.6890097,
          20.190628,
          1
        ]
      },
      {
        "date" : 761069152.177811,
        "title" : "Untitled",
        "transform" : [
          0.99107915,
          -4.981991e-08,
          0.13327414,
          0,
          0.05089391,
          0.92421466,
          -0.37846678,
          0,
          -0.12317393,
          0.38187352,
          0.9159699,
          0,
          -3.096268,
          8.144807,
          18.674364,
          1
        ]
      },
      {
        "date" : 761069137.88863,
        "title" : "Untitled",
        "transform" : [
          0.991614,
          -4.981991e-08,
          0.1292353,
          0,
          0.049351584,
          0.92421466,
          -0.378671,
          0,
          -0.11944117,
          0.38187346,
          0.91646403,
          0,
          -0.24360013,
          0.65694374,
          1.5072417,
          1
        ]
      },
      {
        "date" : 761069134.618185,
        "title" : "Untitled",
        "transform" : [
          0.991614,
          -4.981991e-08,
          0.1292353,
          0,
          0.049351584,
          0.92421466,
          -0.378671,
          0,
          -0.11944117,
          0.38187346,
          0.91646403,
          0,
          -0.36617577,
          0.9875071,
          2.2656612,
          1
        ]
      },
      {
        "date" : 761069132.322578,
        "title" : "Untitled",
        "transform" : [
          0.991614,
          -4.981991e-08,
          0.1292353,
          0,
          0.049351584,
          0.92421466,
          -0.378671,
          0,
          -0.11944117,
          0.38187346,
          0.91646403,
          0,
          -0.57652134,
          1.5547694,
          3.5671446,
          1
        ]
      }
    ],
    "C6A7F375-BFE9-46E0-9EA6-1A6B150F43FD" : [
      {
        "date" : 761056502.997358,
        "title" : "Untitled",
        "transform" : [
          1,
          0,
          0,
          0,
          0,
          0.7071069,
          -0.70710677,
          0,
          0,
          0.70710677,
          0.7071069,
          0,
          -0.0041266084,
          3.2187872,
          0.4387939,
          1
        ]
      }
    ]
  },
  "sceneViewportBackgroundColors" : {

  },
  "selectedSceneRelativePath" : "Model.usda"
}